5
5
9
12
25
32
33
35
35
35
36
40
40
41
41
43
45
47
47
48
50
50
52
52
52
53
54
58
59
59
59
60
60
61
61
61
62
62
64
66
69
69
69
70
70
70
71
73
76
76
76
76
77
77
78
78
78
80
82
82
83
83
83
84
84
86
86
88
88
88
88
90
91
92
93
93
95
98
98
107
108
109
109
111
111
112
117
119
120
124
126
128
130
132
133
133
136
137
139
140
140
142
144
144
151
151
151
154
155
159
160
162
170
172
172
175
177
177
180
184
186
186
187
191
192
193
193
194
196
196
197
197
199
199
199
201
202
202
204
205
206
207
207
207
208
208
208
209
209
211
212
213
214
215
218
218
220
220
220
221
223
223
224
224
224
225
225
227
227
227
227
229
231
231
233
233
237
237
239
239
240
240
240
241
242
244
251
252
252
256
256
257
257
257
258
259
259
259
263
263
263
264
265
267
269
269
270
271
271
272
274
275
278
283
283
285
286
290
297
297
297
298
298
300
301
304
307
309
310
313
314
317
320
322
324
325
327
329
329
330
331
331
333
333
339
341
342
351
351
355
355
358
365
365
366
369
373
374
375
375
376
376
376
378
379
381
387
387
388
392
392
394
394
396
397
397
398
398
399
403
404
405
407
408
409
411
411
412
414
416
416
417
418
418
422
423
425
427
428
429
429
430
433
435
435
438
441
442
442
445
445
447
453
458
459
459
460
460
460
461
461
465
465
465
466
470
470
472
473
473
480
481
481
481
483
483
483
486
490
491
492
493
493
494
494
497
497
500
500
501
502
503
504
505
505
507
509
510
510
510
512
513
513
514
516
516
517
518
518
521
521
522
522
523
523
523
523
523
525
527
529
530
530
531
531
531
532
535
538
538
538
541
542
542
542
542
543
544
544
544
545
546
547
547
551
552
552
552
553
555
555
555
555
555
562
564
564
565
565
568
574
574
577
581
583
591
599
600
600
600
601
601
601
605
605
605
606
607
607
609
610
610
611
611
613
614
617
618
619
620
622
631
633
